name: IEA Wind Task 37 10MW Offshore Reference Turbine
performance:
  rated_power: 10000000
  cutin_wind_speed: 4.0
  cutout_wind_speed: 25.0
  Cp_curve: 
    Cp_values: [0.3251078849824, 0.3761866281728, 0.4027145387030, 0.4155602463718, 0.4229576890723, 0.4274423707763, 0.4292571166454, 0.4297950236451, 0.4297950236451, 0.4297950236451, 0.4297950236451, 0.4297950236451, 0.4297950236451, 0.4297950236451, 0.4297950236451, 0.4297950236451, 0.4297950236451, 0.4297950236451, 0.4297950236451, 0.4297950236451, 0.4297950236451, 0.4297950236451, 0.4297950236451, 0.4297950236451, 0.4297950236451, 0.4297950236451, 0.4305352571826, 0.4312166284858, 0.4312814548898, 0.3514206079661, 0.3111872737234, 0.2749536435990, 0.2425788253149, 0.2138334167044, 0.1884425673193, 0.1661051864306, 0.1465147713619, 0.1293725899244, 0.1143962632917, 0.1013248093380, 0.0899210931142, 0.0799724493340, 0.0712900820529, 0.0637077082248, 0.0570797722614, 0.0512794666863, 0.0461967165383, 0.0417362286262, 0.0378156660463, 0.0343641222803]
    Cp_wind_speeds: [4, 4.51465256241674, 5.00079568768590, 5.45735001649664, 5.88330188406568, 6.27770557072665, 6.63968540166425, 6.96843769113132, 7.26323252683214, 7.52341539051034, 7.74840861114305, 7.93771264751504, 8.09090719732515, 8.20765213036254, 8.28768824368072, 8.33083783709303, 8.33700510771140, 8.36783385277002, 8.43559016598207, 8.54012361138798, 8.68120209859766, 8.85851239808912, 9.07166083665646, 9.32017417146271, 9.60350064075739, 9.92101118892548, 10.27200086314830, 10.65569037857490, 10.75773634661880, 11.51769067591280, 11.99408760159840, 12.49936090527570, 13.03238875385400, 13.59198769221170, 14.17691527076350, 14.78587280400860, 15.41750825393750, 16.07041923189440, 16.74315611223090, 17.43422525083730, 18.14209230140590, 18.86518562206390, 19.60189976481120, 20.35059904001620, 21.10962114805620, 21.87728087003820, 22.65187380940600, 23.43168017612710, 24.21496860505640, 25]
  Ct_curve:
    Ct_values: [0.7701137761237, 0.7763017654756, 0.7824304039822, 0.7819829934196, 0.7802469277997, 0.7771530060613, 0.7718536866178, 0.7768459631292, 0.7768459631292, 0.7768459631292, 0.7768459631292, 0.7768459631292, 0.7768459631292, 0.7768459631292, 0.7768459631292, 0.7768459631292, 0.7768459631292, 0.7768459631292, 0.7768459631292, 0.7768459631292, 0.7768459631292, 0.7768459631292, 0.7768459631292, 0.7768459631292, 0.7768459631292, 0.7768459631292, 0.7675219106211, 0.7651043465733, 0.7586750258934, 0.5056495638933, 0.4310356122709, 0.3708275390149, 0.3208559287394, 0.2788055309144, 0.2431510192490, 0.2127735581146, 0.1868037845539, 0.1645422214162, 0.1454145646300, 0.1289436445432, 0.1147302834935, 0.1024389909637, 0.0917869641823, 0.0825353277738, 0.0744820092911, 0.0674558666278, 0.0613117663085, 0.0559264801561, 0.0511952613502, 0.0470291247090]
    Ct_wind_speeds: [4, 4.51465256241674, 5.00079568768590, 5.45735001649664, 5.88330188406568, 6.27770557072665, 6.63968540166425, 6.96843769113132, 7.26323252683214, 7.52341539051034, 7.74840861114305, 7.93771264751504, 8.09090719732515, 8.20765213036254, 8.28768824368072, 8.33083783709303, 8.33700510771140, 8.36783385277002, 8.43559016598207, 8.54012361138798, 8.68120209859766, 8.85851239808912, 9.07166083665646, 9.32017417146271, 9.60350064075739, 9.92101118892548, 10.27200086314830, 10.65569037857490, 10.75773634661880, 11.51769067591280, 11.99408760159840, 12.49936090527570, 13.03238875385400, 13.59198769221170, 14.17691527076350, 14.78587280400860, 15.41750825393750, 16.07041923189440, 16.74315611223090, 17.43422525083730, 18.14209230140590, 18.86518562206390, 19.60189976481120, 20.35059904001620, 21.10962114805620, 21.87728087003820, 22.65187380940600, 23.43168017612710, 24.21496860505640, 25]
hub_height: 119.0
rotor_diameter: 198.0
